kinematics:
  shoulder:
    x: 0
    y: 0
    z: 0.18101915204786173
    roll: -0
    pitch: 0
    yaw: -2.0633518569602996e-07
  upper_arm:
    x: 3.524897479319866e-05
    y: 0
    z: 0
    roll: 1.5705962657058734
    pitch: 0
    yaw: 5.8653618835398256e-06
  forearm:
    x: -0.61196384690145367
    y: 0
    z: 0
    roll: 0.0011417378329537269
    pitch: -0.0015357909439154742
    yaw: 5.7748282111155246e-07
  wrist_1:
    x: -0.57097198008033423
    y: -0.00010882691269928326
    z: 0.17435327230806463
    roll: 0.0006241746835369096
    pitch: 0.00090909486398407216
    yaw: -2.8647583210902455e-07
  wrist_2:
    x: 5.3105630732975642e-05
    y: -0.11980329967461358
    z: 8.825006174125421e-06
    roll: 1.5707226643316579
    pitch: 0
    yaw: 2.4310771313401647e-06
  wrist_3:
    x: -2.0343491201178136e-05
    y: 0.11572449840869768
    z: -0.00013366850262399834
    roll: 1.5696412693522885
    pitch: 3.1415926535897931
    yaw: 3.1415926454107947
  hash: calib_6279035542329656360